1 55 0.139 0.6508 0.785 0.5648 0.26020 0.232 0.336 0.334
2 64 0.149 0.70 0.785 0.6225 0.26035 0.2372 0.336 0.343
3 77 0.175 0.79 0.785 0.5665 0.26020 0.2476 0.395 0.343
4 81.5 0.215 0.851 0.785 0.5925 0.29660 0.2476 0.421 0.343
5 250 0.416 3.969 0.85 1.3450 2.16840 1.0088 0.706 0.644
6 301 0.467 4.35 0.85 1.4815 2.16840 1.2065 0.764 0.685
7 133 0.255 1.428 0.8 0.7300 0.63217 0.4808 0.4851 0.4757
8 153 0.350 1.587 0.8 1.1305 0.63216 0.5579 0.5494 0.4757
9 218 0.305 2.975 0.84 0.9695 1.17340 0.694 0.637 0.609
10 250 0.440 3.474 0.84 1.7445 2.02290 0.7003 0.637 0.648
11 272 0.410 2.994 0.84 1.1135 1.71170 0.818 0.739 0.609
12 152 0.310 1.65 0.85 0.5650 1.26918 0.4716 0.57 0.52
13 166 0.230 2.195 0.87 1.5200 1.32453 0.5694 0.57 0.60
14 200 0.290 2.44 0.89 1.5750 1.38898 0.6228 0.63 0.63
15 59.1 0.132 0.59 0.78 0.5950 0.23860 0.2159 0.3444 0.3409
16 70.3 0.156 0.64 0.78 0.6850 0.29840 0.2449 0.3384 0.3409
17 76.9 0.180 3.5 0.78 0.5550 0.29680 0.2449 0.3757 3.409
18 90.3 0.220 0.89 0.78 0.5000 0.23700 0.268 0.4451 0.3409
19 180.9 0.380 2.30 0.82 1.2500 1.39100 0.653 0.59 0.603
20 215.5 0.440 2.75 0.82 1.3250 1.41500 0.604 0.636 0.603
21 237.1 0.375 3.72 0.86 1.6050 2.14810 0.970 0.679 0.635
22 249.4 0.475 3.68 0.83 1.3900 1.95880 1.032 0.753 0.635
23 208.7 0.440 2.45 0.86 1.6300 1.31100 0.774 0.606 0.64
24 240.6 0.440 2.65 0.85 1.5000 1.39100 0.774 0.669 0.64


 
