60.33814892597291 60.33814892597291 97.95888170413566 53.99322410889933 45.20271238535108 74.75063383650998 100.0 
56.05229673368388 56.05229673368388 86.00989145391735 57.93956876656479 86.36667528674316 89.9336571546081 100.0 
89.97589313397258 89.97589313397258 60.31692933827326 41.20866504612755 90.5242756987312 99.19869848108183 100.0 
55.932128205560986 55.932128205560986 82.5511995601884 67.19522956428217 75.02782700993836 59.20013490135311 100.0 
44.67473067988132 44.67473067988132 58.18593594795468 59.92878123044441 61.157622043095714 89.73482683754597 100.0 
94.95237337481656 94.95237337481656 75.93872062621276 77.86329975745032 98.87259586201932 87.78069399477708 8.0 
87.84996163283336 87.84996163283336 64.6234085796827 45.62518047025276 97.03395887140182 89.57812416368004 100.0 
75.85734569729006 75.85734569729006 97.6780133324917 81.29137205864399 98.12198558328872 46.65088123229242 100.0 
82.13962296789278 82.13962296789278 53.10917230725557 60.490709038761324 99.2389204985745 43.288078053106304 100.0 
76.21004921091317 76.21004921091317 40.78156851646185 43.005551659181016 77.95348295255802 66.39568221546136 100.0 
77.40024957954148 77.40024957954148 80.33774529782241 40.355692205624116 71.13363473675547 43.68619166257466 100.0 
71.48952211643098 71.48952211643098 68.55956433620578 78.10650086469468 65.00754182054882 54.48406763404526 100.0 
83.56263918064121 83.56263918064121 43.81930078016665 78.385194154597 57.908402442023785 95.75167738758455 100.0 
68.36344832080168 68.36344832080168 41.08982284445574 40.4793218543982 46.13849083227327 84.86637266801146 0.0 
96.39745200681276 96.39745200681276 46.591791195425124 46.36444944947699 67.70635341684785 99.68194269663006 100.0 
74.74088806639915 74.74088806639915 52.167723842134095 42.08719266855162 78.01987860060915 51.698898937753626 0.0 
98.42932146786666 98.42932146786666 59.85724611829575 40.597792203614205 43.230165479517666 76.73196390271099 100.0 
55.13278097708978 55.13278097708978 94.41880220720466 46.33687552921902 67.45649891105495 82.02472296070789 100.0 
96.32432108923497 96.32432108923497 40.013406679463706 58.04332295414268 90.53101524510977 53.13692991941087 100.0 
52.23754036626331 52.23754036626331 57.935128668404765 61.91100827569815 82.89979160248978 55.52168426263171 0.0 
